600 531
1 1.000000 0.000000 0.000000 
2 0.977778 0.555556 0.000000 
3 0.955556 1.111111 0.000000 
4 0.933333 1.666667 0.000000 
5 0.911111 2.222222 0.000000 
6 0.888889 2.777778 0.000000 
7 0.866667 3.333333 0.000000 
8 0.844444 3.888889 0.000000 
9 0.822222 4.444444 0.000000 
10 0.800000 5.000000 0.000000 
11 0.996057 0.000000 -0.001258 
12 0.973923 0.555556 -0.001230 
13 0.951788 1.111111 -0.001202 
14 0.929654 1.666667 -0.001174 
15 0.907519 2.222222 -0.001146 
16 0.885384 2.777778 -0.001118 
17 0.863250 3.333333 -0.001090 
18 0.841115 3.888889 -0.001062 
19 0.818980 4.444444 -0.001034 
20 0.796846 5.000000 -0.001006 
21 0.984292 0.000000 -0.001304 
22 0.962418 0.555556 -0.001275 
23 0.940545 1.111111 -0.001246 
24 0.918672 1.666667 -0.001217 
25 0.896799 2.222222 -0.001188 
26 0.874926 2.777778 -0.001159 
27 0.853053 3.333333 -0.001130 
28 0.831180 3.888889 -0.001101 
29 0.809306 4.444444 -0.001072 
30 0.787433 5.000000 -0.001043 
31 0.964888 0.000000 -0.001455 
32 0.943446 0.555556 -0.001423 
33 0.922004 1.111111 -0.001390 
34 0.900562 1.666667 -0.001358 
35 0.879120 2.222222 -0.001326 
36 0.857678 2.777778 -0.001293 
37 0.836236 3.333333 -0.001261 
38 0.814795 3.888889 -0.001229 
39 0.793353 4.444444 -0.001196 
40 0.771911 5.000000 -0.001164 
41 0.938153 0.000000 -0.001728 
42 0.917305 0.555556 -0.001690 
43 0.896458 1.111111 -0.001651 
44 0.875610 1.666667 -0.001613 
45 0.854762 2.222222 -0.001574 
46 0.833914 2.777778 -0.001536 
47 0.813066 3.333333 -0.001498 
48 0.792218 3.888889 -0.001459 
49 0.771371 4.444444 -0.001421 
50 0.750523 5.000000 -0.001382 
51 0.904508 0.000000 -0.002140 
52 0.884408 0.555556 -0.002092 
53 0.864308 1.111111 -0.002045 
54 0.844208 1.666667 -0.001997 
55 0.824108 2.222222 -0.001950 
56 0.804008 2.777778 -0.001902 
57 0.783907 3.333333 -0.001855 
58 0.763807 3.888889 -0.001807 
59 0.743707 4.444444 -0.001760 
60 0.723607 5.000000 -0.001712 
61 0.864484 0.000000 -0.002715 
62 0.845274 0.555556 -0.002655 
63 0.826063 1.111111 -0.002594 
64 0.806852 1.666667 -0.002534 
65 0.787641 2.222222 -0.002474 
66 0.768431 2.777778 -0.002413 
67 0.749220 3.333333 -0.002353 
68 0.730009 3.888889 -0.002293 
69 0.710798 4.444444 -0.002232 
70 0.691587 5.000000 -0.002172 
71 0.818712 0.000000 -0.003519 
72 0.800518 0.555556 -0.003440 
73 0.782325 1.111111 -0.003362 
74 0.764131 1.666667 -0.003284 
75 0.745938 2.222222 -0.003206 
76 0.727744 2.777778 -0.003128 
77 0.709550 3.333333 -0.003049 
78 0.691357 3.888889 -0.002971 
79 0.673163 4.444444 -0.002893 
80 0.654970 5.000000 -0.002815 
81 0.767913 0.000000 -0.004631 
82 0.750849 0.555556 -0.004528 
83 0.733784 1.111111 -0.004425 
84 0.716719 1.666667 -0.004322 
85 0.699654 2.222222 -0.004219 
86 0.682590 2.777778 -0.004116 
87 0.665525 3.333333 -0.004013 
88 0.648460 3.888889 -0.003910 
89 0.631395 4.444444 -0.003808 
90 0.614331 5.000000 -0.003705 
91 0.712890 0.000000 -0.006111 
92 0.697048 0.555556 -0.005975 
93 0.681206 1.111111 -0.005840 
94 0.665364 1.666667 -0.005704 
95 0.649522 2.222222 -0.005568 
96 0.633680 2.777778 -0.005432 
97 0.617838 3.333333 -0.005296 
98 0.601996 3.888889 -0.005161 
99 0.586154 4.444444 -0.005025 
100 0.570312 5.000000 -0.004889 
101 0.654508 0.000000 -0.007995 
102 0.639964 0.555556 -0.007818 
103 0.625419 1.111111 -0.007640 
104 0.610875 1.666667 -0.007462 
105 0.596330 2.222222 -0.007285 
106 0.581785 2.777778 -0.007107 
107 0.567241 3.333333 -0.006929 
108 0.552696 3.888889 -0.006752 
109 0.538151 4.444444 -0.006574 
110 0.523607 5.000000 -0.006396 
111 0.593691 0.000000 -0.010245 
112 0.580498 0.555556 -0.010017 
113 0.567304 1.111111 -0.009790 
114 0.554111 1.666667 -0.009562 
115 0.540918 2.222222 -0.009334 
116 0.527725 2.777778 -0.009107 
117 0.514532 3.333333 -0.008879 
118 0.501339 3.888889 -0.008651 
119 0.488146 4.444444 -0.008424 
120 0.474953 5.000000 -0.008196 
121 0.531395 0.000000 -0.012740 
122 0.519586 0.555556 -0.012457 
123 0.507778 1.111111 -0.012174 
124 0.495969 1.666667 -0.011891 
125 0.484160 2.222222 -0.011607 
126 0.472351 2.777778 -0.011324 
127 0.460543 3.333333 -0.011041 
128 0.448734 3.888889 -0.010758 
129 0.436925 4.444444 -0.010475 
130 0.425116 5.000000 -0.010192 
131 0.468605 0.000000 -0.015233 
132 0.458191 0.555556 -0.014895 
133 0.447778 1.111111 -0.014556 
134 0.437364 1.666667 -0.014218 
135 0.426951 2.222222 -0.013879 
136 0.416538 2.777778 -0.013541 
137 0.406124 3.333333 -0.013202 
138 0.395711 3.888889 -0.012864 
139 0.385297 4.444444 -0.012525 
140 0.374884 5.000000 -0.012187 
141 0.406309 0.000000 -0.017733 
142 0.397280 0.555556 -0.017339 
143 0.388251 1.111111 -0.016945 
144 0.379222 1.666667 -0.016551 
145 0.370193 2.222222 -0.016157 
146 0.361164 2.777778 -0.015762 
147 0.352135 3.333333 -0.015368 
148 0.343106 3.888889 -0.014974 
149 0.334077 4.444444 -0.014580 
150 0.325047 5.000000 -0.014186 
151 0.345492 0.000000 -0.020450 
152 0.337814 0.555556 -0.019996 
153 0.330136 1.111111 -0.019541 
154 0.322459 1.666667 -0.019087 
155 0.314781 2.222222 -0.018632 
156 0.307104 2.777778 -0.018178 
157 0.299426 3.333333 -0.017723 
158 0.291748 3.888889 -0.017269 
159 0.284071 4.444444 -0.016815 
160 0.276393 5.000000 -0.016360 
161 0.287110 0.000000 -0.023210 
162 0.280730 0.555556 -0.022694 
163 0.274350 1.111111 -0.022179 
164 0.267970 1.666667 -0.021663 
165 0.261589 2.222222 -0.021147 
166 0.255209 2.777778 -0.020631 
167 0.248829 3.333333 -0.020116 
168 0.242449 3.888889 -0.019600 
169 0.236069 4.444444 -0.019084 
170 0.229688 5.000000 -0.018568 
171 0.232087 0.000000 -0.025900 
172 0.226929 0.555556 -0.025324 
173 0.221772 1.111111 -0.024748 
174 0.216614 1.666667 -0.024173 
175 0.211457 2.222222 -0.023597 
176 0.206299 2.777778 -0.023022 
177 0.201142 3.333333 -0.022446 
178 0.195984 3.888889 -0.021871 
179 0.190827 4.444444 -0.021295 
180 0.185669 5.000000 -0.020720 
181 0.181288 0.000000 -0.028078 
182 0.177259 0.555556 -0.027454 
183 0.173231 1.111111 -0.026830 
184 0.169202 1.666667 -0.026206 
185 0.165174 2.222222 -0.025582 
186 0.161145 2.777778 -0.024958 
187 0.157116 3.333333 -0.024334 
188 0.153088 3.888889 -0.023710 
189 0.149059 4.444444 -0.023086 
190 0.145030 5.000000 -0.022462 
191 0.135516 0.000000 -0.028950 
192 0.132504 0.555556 -0.028307 
193 0.129493 1.111111 -0.027664 
194 0.126481 1.666667 -0.027020 
195 0.123470 2.222222 -0.026377 
196 0.120458 2.777778 -0.025734 
197 0.117447 3.333333 -0.025090 
198 0.114435 3.888889 -0.024447 
199 0.111424 4.444444 -0.023804 
200 0.108413 5.000000 -0.023160 
201 0.095492 0.000000 -0.028454 
202 0.093369 0.555556 -0.027822 
203 0.091247 1.111111 -0.027190 
204 0.089125 1.666667 -0.026557 
205 0.087003 2.222222 -0.025925 
206 0.084881 2.777778 -0.025293 
207 0.082759 3.333333 -0.024660 
208 0.080637 3.888889 -0.024028 
209 0.078515 4.444444 -0.023396 
210 0.076393 5.000000 -0.022763 
211 0.061847 0.000000 -0.026304 
212 0.060472 0.555556 -0.025719 
213 0.059098 1.111111 -0.025135 
214 0.057724 1.666667 -0.024550 
215 0.056349 2.222222 -0.023966 
216 0.054975 2.777778 -0.023381 
217 0.053600 3.333333 -0.022796 
218 0.052226 3.888889 -0.022212 
219 0.050852 4.444444 -0.021627 
220 0.049477 5.000000 -0.021043 
221 0.035112 0.000000 -0.022249 
222 0.034331 0.555556 -0.021755 
223 0.033551 1.111111 -0.021261 
224 0.032771 1.666667 -0.020766 
225 0.031991 2.222222 -0.020272 
226 0.031210 2.777778 -0.019777 
227 0.030430 3.333333 -0.019283 
228 0.029650 3.888889 -0.018788 
229 0.028870 4.444444 -0.018294 
230 0.028089 5.000000 -0.017800 
231 0.015708 0.000000 -0.015844 
232 0.015359 0.555556 -0.015491 
233 0.015010 1.111111 -0.015139 
234 0.014661 1.666667 -0.014787 
235 0.014312 2.222222 -0.014435 
236 0.013963 2.777778 -0.014083 
237 0.013614 3.333333 -0.013731 
238 0.013265 3.888889 -0.013379 
239 0.012916 4.444444 -0.013027 
240 0.012567 5.000000 -0.012675 
241 0.003943 0.000000 -0.008867 
242 0.003855 0.555556 -0.008670 
243 0.003767 1.111111 -0.008473 
244 0.003680 1.666667 -0.008276 
245 0.003592 2.222222 -0.008079 
246 0.003505 2.777778 -0.007882 
247 0.003417 3.333333 -0.007685 
248 0.003329 3.888889 -0.007488 
249 0.003242 4.444444 -0.007291 
250 0.003154 5.000000 -0.007094 
251 0.000000 0.000000 -0.000000 
252 0.000000 0.555556 -0.000000 
253 0.000000 1.111111 -0.000000 
254 0.000000 1.666667 -0.000000 
255 0.000000 2.222222 -0.000000 
256 0.000000 2.777778 -0.000000 
257 0.000000 3.333333 -0.000000 
258 0.000000 3.888889 -0.000000 
259 0.000000 4.444444 -0.000000 
260 0.000000 5.000000 -0.000000 
261 0.003943 0.000000 0.013235 
262 0.003855 0.555556 0.012941 
263 0.003767 1.111111 0.012647 
264 0.003680 1.666667 0.012353 
265 0.003592 2.222222 0.012059 
266 0.003505 2.777778 0.011764 
267 0.003417 3.333333 0.011470 
268 0.003329 3.888889 0.011176 
269 0.003242 4.444444 0.010882 
270 0.003154 5.000000 0.010588 
271 0.015708 0.000000 0.027264 
272 0.015359 0.555556 0.026658 
273 0.015010 1.111111 0.026052 
274 0.014661 1.666667 0.025446 
275 0.014312 2.222222 0.024840 
276 0.013963 2.777778 0.024234 
277 0.013614 3.333333 0.023629 
278 0.013265 3.888889 0.023023 
279 0.012916 4.444444 0.022417 
280 0.012567 5.000000 0.021811 
281 0.035112 0.000000 0.039841 
282 0.034331 0.555556 0.038956 
283 0.033551 1.111111 0.038071 
284 0.032771 1.666667 0.037185 
285 0.031991 2.222222 0.036300 
286 0.031210 2.777778 0.035415 
287 0.030430 3.333333 0.034529 
288 0.029650 3.888889 0.033644 
289 0.028870 4.444444 0.032758 
290 0.028089 5.000000 0.031873 
291 0.061847 0.000000 0.052479 
292 0.060472 0.555556 0.051313 
293 0.059098 1.111111 0.050147 
294 0.057724 1.666667 0.048980 
295 0.056349 2.222222 0.047814 
296 0.054975 2.777778 0.046648 
297 0.053600 3.333333 0.045482 
298 0.052226 3.888889 0.044316 
299 0.050852 4.444444 0.043149 
300 0.049477 5.000000 0.041983 
301 0.095492 0.000000 0.064511 
302 0.093369 0.555556 0.063077 
303 0.091247 1.111111 0.061644 
304 0.089125 1.666667 0.060210 
305 0.087003 2.222222 0.058777 
306 0.084881 2.777778 0.057343 
307 0.082759 3.333333 0.055909 
308 0.080637 3.888889 0.054476 
309 0.078515 4.444444 0.053042 
310 0.076393 5.000000 0.051609 
311 0.135516 0.000000 0.075571 
312 0.132504 0.555556 0.073891 
313 0.129493 1.111111 0.072212 
314 0.126481 1.666667 0.070533 
315 0.123470 2.222222 0.068853 
316 0.120458 2.777778 0.067174 
317 0.117447 3.333333 0.065495 
318 0.114435 3.888889 0.063815 
319 0.111424 4.444444 0.062136 
320 0.108413 5.000000 0.060457 
321 0.181288 0.000000 0.084986 
322 0.177259 0.555556 0.083097 
323 0.173231 1.111111 0.081209 
324 0.169202 1.666667 0.079320 
325 0.165174 2.222222 0.077432 
326 0.161145 2.777778 0.075543 
327 0.157116 3.333333 0.073654 
328 0.153088 3.888889 0.071766 
329 0.149059 4.444444 0.069877 
330 0.145030 5.000000 0.067989 
331 0.232087 0.000000 0.092227 
332 0.226929 0.555556 0.090177 
333 0.221772 1.111111 0.088128 
334 0.216614 1.666667 0.086078 
335 0.211457 2.222222 0.084029 
336 0.206299 2.777778 0.081979 
337 0.201142 3.333333 0.079930 
338 0.195984 3.888889 0.077880 
339 0.190827 4.444444 0.075831 
340 0.185669 5.000000 0.073781 
341 0.287110 0.000000 0.096933 
342 0.280730 0.555556 0.094779 
343 0.274350 1.111111 0.092624 
344 0.267970 1.666667 0.090470 
345 0.261589 2.222222 0.088316 
346 0.255209 2.777778 0.086162 
347 0.248829 3.333333 0.084008 
348 0.242449 3.888889 0.081854 
349 0.236069 4.444444 0.079700 
350 0.229688 5.000000 0.077546 
351 0.345492 0.000000 0.098754 
352 0.337814 0.555556 0.096559 
353 0.330136 1.111111 0.094365 
354 0.322459 1.666667 0.092170 
355 0.314781 2.222222 0.089976 
356 0.307104 2.777778 0.087781 
357 0.299426 3.333333 0.085587 
358 0.291748 3.888889 0.083392 
359 0.284071 4.444444 0.081198 
360 0.276393 5.000000 0.079003 
361 0.406309 0.000000 0.097780 
362 0.397280 0.555556 0.095607 
363 0.388251 1.111111 0.093434 
364 0.379222 1.666667 0.091261 
365 0.370193 2.222222 0.089088 
366 0.361164 2.777778 0.086915 
367 0.352135 3.333333 0.084743 
368 0.343106 3.888889 0.082570 
369 0.334077 4.444444 0.080397 
370 0.325047 5.000000 0.078224 
371 0.468605 0.000000 0.094356 
372 0.458191 0.555556 0.092259 
373 0.447778 1.111111 0.090163 
374 0.437364 1.666667 0.088066 
375 0.426951 2.222222 0.085969 
376 0.416538 2.777778 0.083872 
377 0.406124 3.333333 0.081775 
378 0.395711 3.888889 0.079679 
379 0.385297 4.444444 0.077582 
380 0.374884 5.000000 0.075485 
381 0.531395 0.000000 0.089038 
382 0.519586 0.555556 0.087060 
383 0.507778 1.111111 0.085081 
384 0.495969 1.666667 0.083102 
385 0.484160 2.222222 0.081124 
386 0.472351 2.777778 0.079145 
387 0.460543 3.333333 0.077167 
388 0.448734 3.888889 0.075188 
389 0.436925 4.444444 0.073209 
390 0.425116 5.000000 0.071231 
391 0.593691 0.000000 0.082183 
392 0.580498 0.555556 0.080357 
393 0.567304 1.111111 0.078531 
394 0.554111 1.666667 0.076705 
395 0.540918 2.222222 0.074878 
396 0.527725 2.777778 0.073052 
397 0.514532 3.333333 0.071226 
398 0.501339 3.888889 0.069399 
399 0.488146 4.444444 0.067573 
400 0.474953 5.000000 0.065747 
401 0.654508 0.000000 0.073957 
402 0.639964 0.555556 0.072314 
403 0.625419 1.111111 0.070670 
404 0.610875 1.666667 0.069027 
405 0.596330 2.222222 0.067383 
406 0.581785 2.777778 0.065740 
407 0.567241 3.333333 0.064096 
408 0.552696 3.888889 0.062453 
409 0.538151 4.444444 0.060809 
410 0.523607 5.000000 0.059166 
411 0.712890 0.000000 0.064773 
412 0.697048 0.555556 0.063334 
413 0.681206 1.111111 0.061894 
414 0.665364 1.666667 0.060455 
415 0.649522 2.222222 0.059016 
416 0.633680 2.777778 0.057576 
417 0.617838 3.333333 0.056137 
418 0.601996 3.888889 0.054697 
419 0.586154 4.444444 0.053258 
420 0.570312 5.000000 0.051819 
421 0.767913 0.000000 0.055063 
422 0.750849 0.555556 0.053839 
423 0.733784 1.111111 0.052616 
424 0.716719 1.666667 0.051392 
425 0.699654 2.222222 0.050169 
426 0.682590 2.777778 0.048945 
427 0.665525 3.333333 0.047721 
428 0.648460 3.888889 0.046498 
429 0.631395 4.444444 0.045274 
430 0.614331 5.000000 0.044050 
431 0.818712 0.000000 0.045121 
432 0.800518 0.555556 0.044118 
433 0.782325 1.111111 0.043116 
434 0.764131 1.666667 0.042113 
435 0.745938 2.222222 0.041110 
436 0.727744 2.777778 0.040108 
437 0.709550 3.333333 0.039105 
438 0.691357 3.888889 0.038102 
439 0.673163 4.444444 0.037100 
440 0.654970 5.000000 0.036097 
441 0.864484 0.000000 0.035294 
442 0.845274 0.555556 0.034510 
443 0.826063 1.111111 0.033725 
444 0.806852 1.666667 0.032941 
445 0.787641 2.222222 0.032157 
446 0.768431 2.777778 0.031372 
447 0.749220 3.333333 0.030588 
448 0.730009 3.888889 0.029804 
449 0.710798 4.444444 0.029019 
450 0.691587 5.000000 0.028235 
451 0.904508 0.000000 0.026025 
452 0.884408 0.555556 0.025446 
453 0.864308 1.111111 0.024868 
454 0.844208 1.666667 0.024290 
455 0.824108 2.222222 0.023711 
456 0.804008 2.777778 0.023133 
457 0.783907 3.333333 0.022555 
458 0.763807 3.888889 0.021976 
459 0.743707 4.444444 0.021398 
460 0.723607 5.000000 0.020820 
461 0.938153 0.000000 0.017738 
462 0.917305 0.555556 0.017343 
463 0.896458 1.111111 0.016949 
464 0.875610 1.666667 0.016555 
465 0.854762 2.222222 0.016161 
466 0.833914 2.777778 0.015767 
467 0.813066 3.333333 0.015373 
468 0.792218 3.888889 0.014978 
469 0.771371 4.444444 0.014584 
470 0.750523 5.000000 0.014190 
471 0.964888 0.000000 0.010783 
472 0.943446 0.555556 0.010544 
473 0.922004 1.111111 0.010304 
474 0.900562 1.666667 0.010065 
475 0.879120 2.222222 0.009825 
476 0.857678 2.777778 0.009585 
477 0.836236 3.333333 0.009346 
478 0.814795 3.888889 0.009106 
479 0.793353 4.444444 0.008866 
480 0.771911 5.000000 0.008627 
481 0.984292 0.000000 0.005500 
482 0.962418 0.555556 0.005378 
483 0.940545 1.111111 0.005256 
484 0.918672 1.666667 0.005134 
485 0.896799 2.222222 0.005012 
486 0.874926 2.777778 0.004889 
487 0.853053 3.333333 0.004767 
488 0.831180 3.888889 0.004645 
489 0.809306 4.444444 0.004523 
490 0.787433 5.000000 0.004400 
491 0.996057 0.000000 0.002227 
492 0.973923 0.555556 0.002177 
493 0.951788 1.111111 0.002128 
494 0.929654 1.666667 0.002078 
495 0.907519 2.222222 0.002029 
496 0.885384 2.777778 0.001979 
497 0.863250 3.333333 0.001930 
498 0.841115 3.888889 0.001880 
499 0.818980 4.444444 0.001831 
500 0.796846 5.000000 0.001781 
501 1.000000 0.000000 0.000000 
502 0.977778 0.555556 0.000000 
503 0.955556 1.111111 0.000000 
504 0.933333 1.666667 0.000000 
505 0.911111 2.222222 0.000000 
506 0.888889 2.777778 0.000000 
507 0.866667 3.333333 0.000000 
508 0.844444 3.888889 0.000000 
509 0.822222 4.444444 0.000000 
510 0.800000 5.000000 0.000000 
511 112.043425 0.000000 3.877722 
512 112.021203 0.555556 3.877722 
513 111.998981 1.111111 3.877722 
514 111.976759 1.666667 3.877722 
515 111.954536 2.222222 3.877722 
516 111.932314 2.777778 3.877722 
517 111.910092 3.333333 3.877722 
518 111.887870 3.888889 3.877722 
519 111.865647 4.444444 3.877722 
520 111.843425 5.000000 3.877722 
521 223.086850 0.000000 7.755444 
522 223.064628 0.555556 7.755444 
523 223.042406 1.111111 7.755444 
524 223.020184 1.666667 7.755444 
525 222.997962 2.222222 7.755444 
526 222.975739 2.777778 7.755444 
527 222.953517 3.333333 7.755444 
528 222.931295 3.888889 7.755444 
529 222.909073 4.444444 7.755444 
530 222.886850 5.000000 7.755444 
531 334.130276 0.000000 11.633166 
532 334.108053 0.555556 11.633166 
533 334.085831 1.111111 11.633166 
534 334.063609 1.666667 11.633166 
535 334.041387 2.222222 11.633166 
536 334.019165 2.777778 11.633166 
537 333.996942 3.333333 11.633166 
538 333.974720 3.888889 11.633166 
539 333.952498 4.444444 11.633166 
540 333.930276 5.000000 11.633166 
541 445.173701 0.000000 15.510887 
542 445.151479 0.555556 15.510887 
543 445.129256 1.111111 15.510887 
544 445.107034 1.666667 15.510887 
545 445.084812 2.222222 15.510887 
546 445.062590 2.777778 15.510887 
547 445.040368 3.333333 15.510887 
548 445.018145 3.888889 15.510887 
549 444.995923 4.444444 15.510887 
550 444.973701 5.000000 15.510887 
551 556.217126 0.000000 19.388609 
552 556.194904 0.555556 19.388609 
553 556.172682 1.111111 19.388609 
554 556.150459 1.666667 19.388609 
555 556.128237 2.222222 19.388609 
556 556.106015 2.777778 19.388609 
557 556.083793 3.333333 19.388609 
558 556.061571 3.888889 19.388609 
559 556.039348 4.444444 19.388609 
560 556.017126 5.000000 19.388609 
561 667.260551 0.000000 23.266331 
562 667.238329 0.555556 23.266331 
563 667.216107 1.111111 23.266331 
564 667.193885 1.666667 23.266331 
565 667.171662 2.222222 23.266331 
566 667.149440 2.777778 23.266331 
567 667.127218 3.333333 23.266331 
568 667.104996 3.888889 23.266331 
569 667.082774 4.444444 23.266331 
570 667.060551 5.000000 23.266331 
571 778.303977 0.000000 27.144053 
572 778.281754 0.555556 27.144053 
573 778.259532 1.111111 27.144053 
574 778.237310 1.666667 27.144053 
575 778.215088 2.222222 27.144053 
576 778.192865 2.777778 27.144053 
577 778.170643 3.333333 27.144053 
578 778.148421 3.888889 27.144053 
579 778.126199 4.444444 27.144053 
580 778.103977 5.000000 27.144053 
581 889.347402 0.000000 31.021775 
582 889.325180 0.555556 31.021775 
583 889.302957 1.111111 31.021775 
584 889.280735 1.666667 31.021775 
585 889.258513 2.222222 31.021775 
586 889.236291 2.777778 31.021775 
587 889.214068 3.333333 31.021775 
588 889.191846 3.888889 31.021775 
589 889.169624 4.444444 31.021775 
590 889.147402 5.000000 31.021775 
591 1000.390827 0.000000 34.899497 
592 1000.368605 0.555556 34.899497 
593 1000.346383 1.111111 34.899497 
594 1000.324160 1.666667 34.899497 
595 1000.301938 2.222222 34.899497 
596 1000.279716 2.777778 34.899497 
597 1000.257494 3.333333 34.899497 
598 1000.235271 3.888889 34.899497 
599 1000.213049 4.444444 34.899497 
600 1000.190827 5.000000 34.899497 
1 9 1 2 12 11
2 9 2 3 13 12
3 9 3 4 14 13
4 9 4 5 15 14
5 9 5 6 16 15
6 9 6 7 17 16
7 9 7 8 18 17
8 9 8 9 19 18
9 9 9 10 20 19
10 9 11 12 22 21
11 9 12 13 23 22
12 9 13 14 24 23
13 9 14 15 25 24
14 9 15 16 26 25
15 9 16 17 27 26
16 9 17 18 28 27
17 9 18 19 29 28
18 9 19 20 30 29
19 9 21 22 32 31
20 9 22 23 33 32
21 9 23 24 34 33
22 9 24 25 35 34
23 9 25 26 36 35
24 9 26 27 37 36
25 9 27 28 38 37
26 9 28 29 39 38
27 9 29 30 40 39
28 9 31 32 42 41
29 9 32 33 43 42
30 9 33 34 44 43
31 9 34 35 45 44
32 9 35 36 46 45
33 9 36 37 47 46
34 9 37 38 48 47
35 9 38 39 49 48
36 9 39 40 50 49
37 9 41 42 52 51
38 9 42 43 53 52
39 9 43 44 54 53
40 9 44 45 55 54
41 9 45 46 56 55
42 9 46 47 57 56
43 9 47 48 58 57
44 9 48 49 59 58
45 9 49 50 60 59
46 9 51 52 62 61
47 9 52 53 63 62
48 9 53 54 64 63
49 9 54 55 65 64
50 9 55 56 66 65
51 9 56 57 67 66
52 9 57 58 68 67
53 9 58 59 69 68
54 9 59 60 70 69
55 9 61 62 72 71
56 9 62 63 73 72
57 9 63 64 74 73
58 9 64 65 75 74
59 9 65 66 76 75
60 9 66 67 77 76
61 9 67 68 78 77
62 9 68 69 79 78
63 9 69 70 80 79
64 9 71 72 82 81
65 9 72 73 83 82
66 9 73 74 84 83
67 9 74 75 85 84
68 9 75 76 86 85
69 9 76 77 87 86
70 9 77 78 88 87
71 9 78 79 89 88
72 9 79 80 90 89
73 9 81 82 92 91
74 9 82 83 93 92
75 9 83 84 94 93
76 9 84 85 95 94
77 9 85 86 96 95
78 9 86 87 97 96
79 9 87 88 98 97
80 9 88 89 99 98
81 9 89 90 100 99
82 9 91 92 102 101
83 9 92 93 103 102
84 9 93 94 104 103
85 9 94 95 105 104
86 9 95 96 106 105
87 9 96 97 107 106
88 9 97 98 108 107
89 9 98 99 109 108
90 9 99 100 110 109
91 9 101 102 112 111
92 9 102 103 113 112
93 9 103 104 114 113
94 9 104 105 115 114
95 9 105 106 116 115
96 9 106 107 117 116
97 9 107 108 118 117
98 9 108 109 119 118
99 9 109 110 120 119
100 9 111 112 122 121
101 9 112 113 123 122
102 9 113 114 124 123
103 9 114 115 125 124
104 9 115 116 126 125
105 9 116 117 127 126
106 9 117 118 128 127
107 9 118 119 129 128
108 9 119 120 130 129
109 9 121 122 132 131
110 9 122 123 133 132
111 9 123 124 134 133
112 9 124 125 135 134
113 9 125 126 136 135
114 9 126 127 137 136
115 9 127 128 138 137
116 9 128 129 139 138
117 9 129 130 140 139
118 9 131 132 142 141
119 9 132 133 143 142
120 9 133 134 144 143
121 9 134 135 145 144
122 9 135 136 146 145
123 9 136 137 147 146
124 9 137 138 148 147
125 9 138 139 149 148
126 9 139 140 150 149
127 9 141 142 152 151
128 9 142 143 153 152
129 9 143 144 154 153
130 9 144 145 155 154
131 9 145 146 156 155
132 9 146 147 157 156
133 9 147 148 158 157
134 9 148 149 159 158
135 9 149 150 160 159
136 9 151 152 162 161
137 9 152 153 163 162
138 9 153 154 164 163
139 9 154 155 165 164
140 9 155 156 166 165
141 9 156 157 167 166
142 9 157 158 168 167
143 9 158 159 169 168
144 9 159 160 170 169
145 9 161 162 172 171
146 9 162 163 173 172
147 9 163 164 174 173
148 9 164 165 175 174
149 9 165 166 176 175
150 9 166 167 177 176
151 9 167 168 178 177
152 9 168 169 179 178
153 9 169 170 180 179
154 9 171 172 182 181
155 9 172 173 183 182
156 9 173 174 184 183
157 9 174 175 185 184
158 9 175 176 186 185
159 9 176 177 187 186
160 9 177 178 188 187
161 9 178 179 189 188
162 9 179 180 190 189
163 9 181 182 192 191
164 9 182 183 193 192
165 9 183 184 194 193
166 9 184 185 195 194
167 9 185 186 196 195
168 9 186 187 197 196
169 9 187 188 198 197
170 9 188 189 199 198
171 9 189 190 200 199
172 9 191 192 202 201
173 9 192 193 203 202
174 9 193 194 204 203
175 9 194 195 205 204
176 9 195 196 206 205
177 9 196 197 207 206
178 9 197 198 208 207
179 9 198 199 209 208
180 9 199 200 210 209
181 9 201 202 212 211
182 9 202 203 213 212
183 9 203 204 214 213
184 9 204 205 215 214
185 9 205 206 216 215
186 9 206 207 217 216
187 9 207 208 218 217
188 9 208 209 219 218
189 9 209 210 220 219
190 9 211 212 222 221
191 9 212 213 223 222
192 9 213 214 224 223
193 9 214 215 225 224
194 9 215 216 226 225
195 9 216 217 227 226
196 9 217 218 228 227
197 9 218 219 229 228
198 9 219 220 230 229
199 9 221 222 232 231
200 9 222 223 233 232
201 9 223 224 234 233
202 9 224 225 235 234
203 9 225 226 236 235
204 9 226 227 237 236
205 9 227 228 238 237
206 9 228 229 239 238
207 9 229 230 240 239
208 9 231 232 242 241
209 9 232 233 243 242
210 9 233 234 244 243
211 9 234 235 245 244
212 9 235 236 246 245
213 9 236 237 247 246
214 9 237 238 248 247
215 9 238 239 249 248
216 9 239 240 250 249
217 9 241 242 252 251
218 9 242 243 253 252
219 9 243 244 254 253
220 9 244 245 255 254
221 9 245 246 256 255
222 9 246 247 257 256
223 9 247 248 258 257
224 9 248 249 259 258
225 9 249 250 260 259
226 9 251 252 262 261
227 9 252 253 263 262
228 9 253 254 264 263
229 9 254 255 265 264
230 9 255 256 266 265
231 9 256 257 267 266
232 9 257 258 268 267
233 9 258 259 269 268
234 9 259 260 270 269
235 9 261 262 272 271
236 9 262 263 273 272
237 9 263 264 274 273
238 9 264 265 275 274
239 9 265 266 276 275
240 9 266 267 277 276
241 9 267 268 278 277
242 9 268 269 279 278
243 9 269 270 280 279
244 9 271 272 282 281
245 9 272 273 283 282
246 9 273 274 284 283
247 9 274 275 285 284
248 9 275 276 286 285
249 9 276 277 287 286
250 9 277 278 288 287
251 9 278 279 289 288
252 9 279 280 290 289
253 9 281 282 292 291
254 9 282 283 293 292
255 9 283 284 294 293
256 9 284 285 295 294
257 9 285 286 296 295
258 9 286 287 297 296
259 9 287 288 298 297
260 9 288 289 299 298
261 9 289 290 300 299
262 9 291 292 302 301
263 9 292 293 303 302
264 9 293 294 304 303
265 9 294 295 305 304
266 9 295 296 306 305
267 9 296 297 307 306
268 9 297 298 308 307
269 9 298 299 309 308
270 9 299 300 310 309
271 9 301 302 312 311
272 9 302 303 313 312
273 9 303 304 314 313
274 9 304 305 315 314
275 9 305 306 316 315
276 9 306 307 317 316
277 9 307 308 318 317
278 9 308 309 319 318
279 9 309 310 320 319
280 9 311 312 322 321
281 9 312 313 323 322
282 9 313 314 324 323
283 9 314 315 325 324
284 9 315 316 326 325
285 9 316 317 327 326
286 9 317 318 328 327
287 9 318 319 329 328
288 9 319 320 330 329
289 9 321 322 332 331
290 9 322 323 333 332
291 9 323 324 334 333
292 9 324 325 335 334
293 9 325 326 336 335
294 9 326 327 337 336
295 9 327 328 338 337
296 9 328 329 339 338
297 9 329 330 340 339
298 9 331 332 342 341
299 9 332 333 343 342
300 9 333 334 344 343
301 9 334 335 345 344
302 9 335 336 346 345
303 9 336 337 347 346
304 9 337 338 348 347
305 9 338 339 349 348
306 9 339 340 350 349
307 9 341 342 352 351
308 9 342 343 353 352
309 9 343 344 354 353
310 9 344 345 355 354
311 9 345 346 356 355
312 9 346 347 357 356
313 9 347 348 358 357
314 9 348 349 359 358
315 9 349 350 360 359
316 9 351 352 362 361
317 9 352 353 363 362
318 9 353 354 364 363
319 9 354 355 365 364
320 9 355 356 366 365
321 9 356 357 367 366
322 9 357 358 368 367
323 9 358 359 369 368
324 9 359 360 370 369
325 9 361 362 372 371
326 9 362 363 373 372
327 9 363 364 374 373
328 9 364 365 375 374
329 9 365 366 376 375
330 9 366 367 377 376
331 9 367 368 378 377
332 9 368 369 379 378
333 9 369 370 380 379
334 9 371 372 382 381
335 9 372 373 383 382
336 9 373 374 384 383
337 9 374 375 385 384
338 9 375 376 386 385
339 9 376 377 387 386
340 9 377 378 388 387
341 9 378 379 389 388
342 9 379 380 390 389
343 9 381 382 392 391
344 9 382 383 393 392
345 9 383 384 394 393
346 9 384 385 395 394
347 9 385 386 396 395
348 9 386 387 397 396
349 9 387 388 398 397
350 9 388 389 399 398
351 9 389 390 400 399
352 9 391 392 402 401
353 9 392 393 403 402
354 9 393 394 404 403
355 9 394 395 405 404
356 9 395 396 406 405
357 9 396 397 407 406
358 9 397 398 408 407
359 9 398 399 409 408
360 9 399 400 410 409
361 9 401 402 412 411
362 9 402 403 413 412
363 9 403 404 414 413
364 9 404 405 415 414
365 9 405 406 416 415
366 9 406 407 417 416
367 9 407 408 418 417
368 9 408 409 419 418
369 9 409 410 420 419
370 9 411 412 422 421
371 9 412 413 423 422
372 9 413 414 424 423
373 9 414 415 425 424
374 9 415 416 426 425
375 9 416 417 427 426
376 9 417 418 428 427
377 9 418 419 429 428
378 9 419 420 430 429
379 9 421 422 432 431
380 9 422 423 433 432
381 9 423 424 434 433
382 9 424 425 435 434
383 9 425 426 436 435
384 9 426 427 437 436
385 9 427 428 438 437
386 9 428 429 439 438
387 9 429 430 440 439
388 9 431 432 442 441
389 9 432 433 443 442
390 9 433 434 444 443
391 9 434 435 445 444
392 9 435 436 446 445
393 9 436 437 447 446
394 9 437 438 448 447
395 9 438 439 449 448
396 9 439 440 450 449
397 9 441 442 452 451
398 9 442 443 453 452
399 9 443 444 454 453
400 9 444 445 455 454
401 9 445 446 456 455
402 9 446 447 457 456
403 9 447 448 458 457
404 9 448 449 459 458
405 9 449 450 460 459
406 9 451 452 462 461
407 9 452 453 463 462
408 9 453 454 464 463
409 9 454 455 465 464
410 9 455 456 466 465
411 9 456 457 467 466
412 9 457 458 468 467
413 9 458 459 469 468
414 9 459 460 470 469
415 9 461 462 472 471
416 9 462 463 473 472
417 9 463 464 474 473
418 9 464 465 475 474
419 9 465 466 476 475
420 9 466 467 477 476
421 9 467 468 478 477
422 9 468 469 479 478
423 9 469 470 480 479
424 9 471 472 482 481
425 9 472 473 483 482
426 9 473 474 484 483
427 9 474 475 485 484
428 9 475 476 486 485
429 9 476 477 487 486
430 9 477 478 488 487
431 9 478 479 489 488
432 9 479 480 490 489
433 9 481 482 492 491
434 9 482 483 493 492
435 9 483 484 494 493
436 9 484 485 495 494
437 9 485 486 496 495
438 9 486 487 497 496
439 9 487 488 498 497
440 9 488 489 499 498
441 9 489 490 500 499
442 9 491 492 502 501
443 9 492 493 503 502
444 9 493 494 504 503
445 9 494 495 505 504
446 9 495 496 506 505
447 9 496 497 507 506
448 9 497 498 508 507
449 9 498 499 509 508
450 9 499 500 510 509
451 9 501 502 512 511
452 9 502 503 513 512
453 9 503 504 514 513
454 9 504 505 515 514
455 9 505 506 516 515
456 9 506 507 517 516
457 9 507 508 518 517
458 9 508 509 519 518
459 9 509 510 520 519
460 9 511 512 522 521
461 9 512 513 523 522
462 9 513 514 524 523
463 9 514 515 525 524
464 9 515 516 526 525
465 9 516 517 527 526
466 9 517 518 528 527
467 9 518 519 529 528
468 9 519 520 530 529
469 9 521 522 532 531
470 9 522 523 533 532
471 9 523 524 534 533
472 9 524 525 535 534
473 9 525 526 536 535
474 9 526 527 537 536
475 9 527 528 538 537
476 9 528 529 539 538
477 9 529 530 540 539
478 9 531 532 542 541
479 9 532 533 543 542
480 9 533 534 544 543
481 9 534 535 545 544
482 9 535 536 546 545
483 9 536 537 547 546
484 9 537 538 548 547
485 9 538 539 549 548
486 9 539 540 550 549
487 9 541 542 552 551
488 9 542 543 553 552
489 9 543 544 554 553
490 9 544 545 555 554
491 9 545 546 556 555
492 9 546 547 557 556
493 9 547 548 558 557
494 9 548 549 559 558
495 9 549 550 560 559
496 9 551 552 562 561
497 9 552 553 563 562
498 9 553 554 564 563
499 9 554 555 565 564
500 9 555 556 566 565
501 9 556 557 567 566
502 9 557 558 568 567
503 9 558 559 569 568
504 9 559 560 570 569
505 9 561 562 572 571
506 9 562 563 573 572
507 9 563 564 574 573
508 9 564 565 575 574
509 9 565 566 576 575
510 9 566 567 577 576
511 9 567 568 578 577
512 9 568 569 579 578
513 9 569 570 580 579
514 9 571 572 582 581
515 9 572 573 583 582
516 9 573 574 584 583
517 9 574 575 585 584
518 9 575 576 586 585
519 9 576 577 587 586
520 9 577 578 588 587
521 9 578 579 589 588
522 9 579 580 590 589
523 9 581 582 592 591
524 9 582 583 593 592
525 9 583 584 594 593
526 9 584 585 595 594
527 9 585 586 596 595
528 9 586 587 597 596
529 9 587 588 598 597
530 9 588 589 599 598
531 9 589 590 600 599
1 0.180131 0.002274
2 0.179646 0.002223
3 0.179391 0.002172
4 0.179161 0.002120
5 0.178859 0.002069
6 0.178402 0.002018
7 0.177646 0.001967
8 0.175996 0.001916
9 0.168814 0.001865
10 0.172399 0.006464
11 0.172007 0.006319
12 0.171778 0.006173
13 0.171528 0.006028
14 0.171158 0.005883
15 0.170562 0.005738
16 0.169538 0.005592
17 0.167345 0.005447
18 0.158958 0.005302
19 0.197255 0.010660
20 0.196959 0.010421
21 0.196756 0.010181
22 0.196473 0.009942
23 0.196004 0.009702
24 0.195210 0.009462
25 0.193812 0.009223
26 0.190877 0.008983
27 0.180834 0.008744
28 0.185283 0.014688
29 0.185043 0.014358
30 0.184854 0.014028
31 0.184525 0.013698
32 0.183933 0.013368
33 0.182902 0.013038
34 0.181069 0.012708
35 0.177296 0.012378
36 0.165338 0.012048
37 0.172188 0.018485
38 0.171992 0.018070
39 0.171817 0.017654
40 0.171437 0.017239
41 0.170714 0.016824
42 0.169429 0.016408
43 0.167131 0.015993
44 0.162484 0.015577
45 0.148816 0.015162
46 0.162538 0.021991
47 0.162374 0.021497
48 0.162214 0.021003
49 0.161783 0.020508
50 0.160923 0.020014
51 0.159375 0.019520
52 0.156595 0.019026
53 0.151064 0.018532
54 0.136002 0.018037
55 0.155653 0.025150
56 0.155520 0.024585
57 0.155374 0.024020
58 0.154890 0.023455
59 0.153888 0.022890
60 0.152067 0.022325
61 0.148791 0.021759
62 0.142365 0.021194
63 0.126238 0.020629
64 0.149757 0.027915
65 0.149661 0.027287
66 0.149530 0.026660
67 0.148990 0.026033
68 0.147841 0.025405
69 0.145735 0.024778
70 0.141942 0.024151
71 0.134591 0.023524
72 0.117649 0.022896
73 0.143449 0.030240
74 0.143404 0.029560
75 0.143286 0.028881
76 0.142687 0.028201
77 0.141381 0.027522
78 0.138974 0.026842
79 0.134633 0.026163
80 0.126304 0.025483
81 0.108690 0.024804
82 0.135584 0.032090
83 0.135608 0.031369
84 0.135504 0.030648
85 0.134840 0.029927
86 0.133365 0.029206
87 0.130632 0.028485
88 0.125702 0.027764
89 0.116319 0.027042
90 0.098063 0.026321
91 0.125554 0.033435
92 0.125666 0.032684
93 0.125576 0.031932
94 0.124840 0.031181
95 0.123180 0.030430
96 0.120092 0.029678
97 0.114519 0.028927
98 0.103987 0.028176
99 0.085026 0.027424
100 0.113854 0.034251
101 0.114073 0.033482
102 0.113995 0.032712
103 0.113180 0.031942
104 0.111316 0.031173
105 0.107838 0.030403
106 0.101565 0.029633
107 0.089779 0.028864
108 0.069989 0.028094
109 0.103919 0.034523
110 0.104259 0.033747
111 0.104196 0.032972
112 0.103296 0.032196
113 0.101215 0.031420
114 0.097323 0.030644
115 0.090307 0.029868
116 0.077203 0.029093
117 0.056464 0.028317
118 0.097608 0.034252
119 0.098083 0.033482
120 0.098036 0.032712
121 0.097046 0.031942
122 0.094738 0.031173
123 0.090413 0.030403
124 0.082625 0.029633
125 0.068163 0.028864
126 0.046294 0.028094
127 0.088747 0.033446
128 0.089373 0.032694
129 0.089343 0.031942
130 0.088252 0.031191
131 0.085683 0.030439
132 0.080863 0.029688
133 0.072200 0.028936
134 0.056207 0.028185
135 0.032665 0.027433
136 0.073162 0.032109
137 0.073960 0.031388
138 0.073952 0.030666
139 0.072737 0.029945
140 0.069849 0.029223
141 0.064426 0.028502
142 0.054699 0.027780
143 0.036851 0.027059
144 0.010682 0.026337
145 0.048764 0.030265
146 0.049769 0.029585
147 0.049789 0.028905
148 0.048414 0.028225
149 0.045118 0.027545
150 0.038924 0.026865
151 0.027840 0.026185
152 0.007619 0.025504
153 -0.022612 0.024824
154 0.012368 0.027934
155 0.013635 0.027306
156 0.013692 0.026678
157 0.012101 0.026050
158 0.008252 0.025423
159 0.001016 0.024795
160 -0.011907 0.024167
161 -0.035359 0.023540
162 -0.071758 0.022912
163 -0.024180 0.025151
164 -0.022583 0.024586
165 -0.022471 0.024021
166 -0.024339 0.023456
167 -0.028899 0.022890
168 -0.037480 0.022325
169 -0.052774 0.021760
170 -0.080415 0.021195
171 -0.125329 0.020630
172 -0.053048 0.021990
173 -0.051022 0.021496
174 -0.050834 0.021002
175 -0.053060 0.020508
176 -0.058549 0.020014
177 -0.068889 0.019519
178 -0.087294 0.019025
179 -0.120468 0.018531
180 -0.176880 0.018037
181 -0.074779 0.018522
182 -0.072151 0.018105
183 -0.071851 0.017689
184 -0.074583 0.017273
185 -0.081386 0.016857
186 -0.094226 0.016441
187 -0.117067 0.016024
188 -0.158208 0.015608
189 -0.230873 0.015192
190 -0.071351 0.014856
191 -0.067852 0.014522
192 -0.067381 0.014188
193 -0.070849 0.013854
194 -0.079579 0.013520
195 -0.096093 0.013186
196 -0.125501 0.012853
197 -0.178561 0.012519
198 -0.274948 0.012185
199 0.056830 0.011226
200 0.061319 0.010974
201 0.062006 0.010721
202 0.057732 0.010469
203 0.046856 0.010217
204 0.026203 0.009964
205 -0.010712 0.009712
206 -0.077734 0.009460
207 -0.202251 0.009208
208 0.307387 0.007515
209 0.313080 0.007346
210 0.314051 0.007177
211 0.308826 0.007008
212 0.295355 0.006839
213 0.269583 0.006670
214 0.223054 0.006501
215 0.137144 0.006333
216 -0.027323 0.006164
217 0.917127 0.005331
218 0.919813 0.005212
219 0.920313 0.005092
220 0.917936 0.004972
221 0.911623 0.004852
222 0.899044 0.004732
223 0.874812 0.004613
224 0.825381 0.004493
225 0.716835 0.004373
226 0.674739 0.007587
227 0.669753 0.007416
228 0.668724 0.007246
229 0.672974 0.007075
230 0.683975 0.006905
231 0.704328 0.006734
232 0.738664 0.006564
233 0.794598 0.006393
234 0.878323 0.006223
235 -0.086740 0.010059
236 -0.093873 0.009833
237 -0.095457 0.009607
238 -0.089678 0.009381
239 -0.074426 0.009155
240 -0.045675 0.008929
241 0.004427 0.008703
242 0.091384 0.008477
243 0.240553 0.008251
244 -0.548911 0.012704
245 -0.555611 0.012418
246 -0.557195 0.012133
247 -0.552085 0.011847
248 -0.538395 0.011562
249 -0.512370 0.011276
250 -0.466448 0.010991
251 -0.384785 0.010705
252 -0.236425 0.010420
253 -0.661229 0.016246
254 -0.666934 0.015881
255 -0.668352 0.015516
256 -0.664316 0.015151
257 -0.653335 0.014786
258 -0.632318 0.014421
259 -0.594868 0.014056
260 -0.526950 0.013690
261 -0.396117 0.013325
262 -0.753429 0.019630
263 -0.758645 0.019189
264 -0.759989 0.018748
265 -0.756617 0.018307
266 -0.747297 0.017866
267 -0.729340 0.017425
268 -0.697038 0.016984
269 -0.637291 0.016542
270 -0.514157 0.016101
271 -0.814007 0.022813
272 -0.818971 0.022300
273 -0.820279 0.021787
274 -0.817397 0.021275
275 -0.809290 0.020762
276 -0.793563 0.020249
277 -0.764990 0.019737
278 -0.711036 0.019224
279 -0.591193 0.018712
280 -0.857686 0.025673
281 -0.862572 0.025096
282 -0.863873 0.024519
283 -0.861366 0.023942
284 -0.854177 0.023365
285 -0.840128 0.022788
286 -0.814342 0.022212
287 -0.764593 0.021635
288 -0.645302 0.021058
289 -0.874751 0.028190
290 -0.879650 0.027557
291 -0.880953 0.026923
292 -0.878765 0.026290
293 -0.872352 0.025656
294 -0.859727 0.025023
295 -0.836309 0.024389
296 -0.790135 0.023756
297 -0.671055 0.023122
298 -0.866922 0.030340
299 -0.871886 0.029658
300 -0.873195 0.028976
301 -0.871288 0.028294
302 -0.865564 0.027612
303 -0.854207 0.026931
304 -0.832915 0.026249
305 -0.790029 0.025567
306 -0.671998 0.024885
307 -0.830946 0.032089
308 -0.835976 0.031368
309 -0.837282 0.030647
310 -0.835635 0.029926
311 -0.830557 0.029205
312 -0.820403 0.028484
313 -0.801165 0.027763
314 -0.761625 0.027042
315 -0.646658 0.026321
316 -0.767362 0.033417
317 -0.772415 0.032666
318 -0.773703 0.031915
319 -0.772302 0.031164
320 -0.767847 0.030413
321 -0.758867 0.029662
322 -0.741682 0.028911
323 -0.705705 0.028160
324 -0.596364 0.027409
325 -0.688782 0.034276
326 -0.693810 0.033506
327 -0.695066 0.032736
328 -0.693888 0.031965
329 -0.690016 0.031195
330 -0.682143 0.030425
331 -0.666938 0.029655
332 -0.634591 0.028884
333 -0.532908 0.028114
334 -0.610687 0.034620
335 -0.615652 0.033842
336 -0.616869 0.033064
337 -0.615888 0.032286
338 -0.612535 0.031508
339 -0.605661 0.030730
340 -0.592270 0.029952
341 -0.563414 0.029174
342 -0.470501 0.028396
343 -0.541063 0.034431
344 -0.545930 0.033657
345 -0.547104 0.032884
346 -0.546294 0.032110
347 -0.543395 0.031336
348 -0.537404 0.030563
349 -0.525641 0.029789
350 -0.500054 0.029015
351 -0.416420 0.028241
352 -0.472960 0.033717
353 -0.477657 0.032960
354 -0.478776 0.032202
355 -0.478117 0.031444
356 -0.475636 0.030686
357 -0.470460 0.029929
358 -0.460232 0.029171
359 -0.437851 0.028413
360 -0.364182 0.027656
361 -0.403520 0.032469
362 -0.407953 0.031739
363 -0.409003 0.031010
364 -0.408483 0.030280
365 -0.406391 0.029550
366 -0.401987 0.028821
367 -0.393233 0.028091
368 -0.374046 0.027361
369 -0.310904 0.026632
370 -0.336709 0.030697
371 -0.340799 0.030007
372 -0.341770 0.029317
373 -0.341373 0.028628
374 -0.339641 0.027938
375 -0.335953 0.027248
376 -0.328586 0.026558
377 -0.312478 0.025868
378 -0.259874 0.025178
379 -0.270721 0.028438
380 -0.274393 0.027799
381 -0.275277 0.027160
382 -0.274991 0.026521
383 -0.273590 0.025882
384 -0.270568 0.025243
385 -0.264506 0.024604
386 -0.251345 0.023965
387 -0.208990 0.023326
388 -0.201330 0.025721
389 -0.204518 0.025143
390 -0.205308 0.024565
391 -0.205121 0.023987
392 -0.204027 0.023409
393 -0.201629 0.022831
394 -0.196799 0.022253
395 -0.186447 0.021675
396 -0.153821 0.021097
397 -0.128448 0.022572
398 -0.131119 0.022064
399 -0.131810 0.021557
400 -0.131710 0.021050
401 -0.130897 0.020543
402 -0.129073 0.020035
403 -0.125382 0.019528
404 -0.117631 0.019021
405 -0.093827 0.018514
406 -0.053693 0.019037
407 -0.055855 0.018609
408 -0.056449 0.018182
409 -0.056423 0.017754
410 -0.055858 0.017326
411 -0.054546 0.016898
412 -0.051874 0.016470
413 -0.046440 0.016043
414 -0.030229 0.015615
415 0.023717 0.015177
416 0.022023 0.014836
417 0.021520 0.014495
418 0.021485 0.014154
419 0.021835 0.013813
420 0.022704 0.013472
421 0.024491 0.013131
422 0.027927 0.012790
423 0.037902 0.012449
424 0.103401 0.011049
425 0.102109 0.010800
426 0.101688 0.010552
427 0.101604 0.010304
428 0.101776 0.010055
429 0.102272 0.009807
430 0.103319 0.009559
431 0.105102 0.009311
432 0.110204 0.009062
433 0.150131 0.006710
434 0.149122 0.006559
435 0.148758 0.006408
436 0.148632 0.006258
437 0.148661 0.006107
438 0.148867 0.005956
439 0.149341 0.005805
440 0.149869 0.005654
441 0.151301 0.005504
442 0.321579 0.002488
443 0.320792 0.002432
444 0.320481 0.002376
445 0.320335 0.002320
446 0.320275 0.002264
447 0.320288 0.002208
448 0.320376 0.002153
449 0.320057 0.002097
450 0.319412 0.002041
